-7542 -36050 23.56
-7541 -36050 23.57
-7540 -36050 23.56
-7539 -36050 25.17
-7538 -36050 27.1
-7537 -36050 27.64
-7536 -36050 27.47
-7535 -36050 27.27
-7534 -36050 27.31
-7533 -36050 27.66
-7532 -36050 27.88
-7531 -36050 27.93
-7530 -36050 27.9
-7529 -36050 27.93
-7528 -36050 27.94
-7527 -36050 27.94
-7526 -36050 27.91
-7525 -36050 27.93
-7524 -36050 28.11
-7523 -36050 28.36
-7522 -36050 27.6
-7521 -36050 24.61
-7520 -36050 24.36
-7519 -36050 24.28
-7518 -36050 23.99
-7517 -36050 24.24
-7516 -36050 24.37
-7515 -36050 24.34
-7514 -36050 24.44
-7513 -36050 24.47
-7512 -36050 24.51
-7511 -36050 24.9
-7510 -36050 26.63
-7509 -36050 29.01
-7508 -36050 28.96
-7507 -36050 28.92
-7506 -36050 28.88
-7505 -36050 29.03
-7504 -36050 29.3
-7503 -36050 29.38
-7502 -36050 29.38
-7501 -36050 29.21
-7500 -36050 28.97
-7499 -36050 29.34
-7498 -36050 30.18
-7497 -36050 29.14
-7496 -36050 27.56
-7495 -36050 25.9
-7494 -36050 23.64
-7493 -36050 23.09
-7542 -36049 23.58
-7541 -36049 23.68
-7540 -36049 24.98
-7539 -36049 26.94
-7538 -36049 27.33
-7537 -36049 27.57
-7536 -36049 27.36
-7535 -36049 27.26
-7534 -36049 27.46
-7533 -36049 27.77
-7532 -36049 27.93
-7531 -36049 27.94
-7530 -36049 27.9
-7529 -36049 27.88
-7528 -36049 27.94
-7527 -36049 27.97
-7526 -36049 27.96
-7525 -36049 27.96
-7524 -36049 28.04
-7523 -36049 28.32
-7522 -36049 27.29
-7521 -36049 24.5
-7520 -36049 24.11
-7519 -36049 23.93
-7518 -36049 24.03
-7517 -36049 24.04
-7516 -36049 23.97
-7515 -36049 24.04
-7514 -36049 24.24
-7513 -36049 24.21
-7512 -36049 23.91
-7511 -36049 24.38
-7510 -36049 26.09
-7509 -36049 28.57
-7508 -36049 28.93
-7507 -36049 28.89
-7506 -36049 28.9
-7505 -36049 29.2
-7504 -36049 29.81
-7503 -36049 29.92
-7502 -36049 29.86
-7501 -36049 29.56
-7500 -36049 29.01
-7499 -36049 29.3
-7498 -36049 30.13
-7497 -36049 30.3
-7496 -36049 30.4
-7495 -36049 30.03
-7494 -36049 26.58
-7493 -36049 23.34
-7542 -36048 23.52
-7541 -36048 23.59
-7540 -36048 23.9
-7539 -36048 24.6
-7538 -36048 27.19
-7537 -36048 27.57
-7536 -36048 27.37
-7535 -36048 27.34
-7534 -36048 27.9
-7533 -36048 27.94
-7532 -36048 28.1
-7531 -36048 28.13
-7530 -36048 27.89
-7529 -36048 27.91
-7528 -36048 27.94
-7527 -36048 27.94
-7526 -36048 27.94
-7525 -36048 28.1
-7524 -36048 28.03
-7523 -36048 28.07
-7522 -36048 27.64
-7521 -36048 25.53
-7520 -36048 24.19
-7519 -36048 24.04
-7518 -36048 24.14
-7517 -36048 24.12
-7516 -36048 24.1
-7515 -36048 24.44
-7514 -36048 23.9
-7513 -36048 23.94
-7512 -36048 23.9
-7511 -36048 23.79
-7510 -36048 25.3
-7509 -36048 28.74
-7508 -36048 29
-7507 -36048 28.88
-7506 -36048 28.9
-7505 -36048 29.24
-7504 -36048 29.78
-7503 -36048 29.89
-7502 -36048 29.6
-7501 -36048 29.26
-7500 -36048 29.17
-7499 -36048 29.44
-7498 -36048 29.98
-7497 -36048 30.29
-7496 -36048 30.14
-7495 -36048 29.9
-7494 -36048 28.66
-7493 -36048 27.5
-7542 -36047 23.48
-7541 -36047 23.79
-7540 -36047 25.39
-7539 -36047 27.51
-7538 -36047 27.58
-7537 -36047 27.31
-7536 -36047 27.01
-7535 -36047 27.32
-7534 -36047 27.92
-7533 -36047 27.99
-7532 -36047 28.04
-7531 -36047 28.14
-7530 -36047 27.94
-7529 -36047 27.94
-7528 -36047 27.96
-7527 -36047 27.93
-7526 -36047 27.93
-7525 -36047 28.18
-7524 -36047 28.06
-7523 -36047 27.19
-7522 -36047 26.01
-7521 -36047 24.88
-7520 -36047 24.14
-7519 -36047 23.62
-7518 -36047 23.91
-7517 -36047 24.09
-7516 -36047 24.38
-7515 -36047 24.08
-7514 -36047 24.04
-7513 -36047 24.02
-7512 -36047 23.94
-7511 -36047 23.82
-7510 -36047 24.86
-7509 -36047 27.98
-7508 -36047 28.93
-7507 -36047 28.9
-7506 -36047 28.93
-7505 -36047 29.24
-7504 -36047 29.82
-7503 -36047 29.83
-7502 -36047 29.31
-7501 -36047 28.96
-7500 -36047 29.17
-7499 -36047 29.84
-7498 -36047 30.13
-7497 -36047 30.12
-7496 -36047 30.04
-7495 -36047 30.09
-7494 -36047 30.04
-7493 -36047 30.52
-7542 -36046 23.44
-7541 -36046 23.56
-7540 -36046 24.89
-7539 -36046 26.29
-7538 -36046 26.46
-7537 -36046 25.72
-7536 -36046 25.91
-7535 -36046 27.34
-7534 -36046 27.9
-7533 -36046 28.11
-7532 -36046 28.14
-7531 -36046 28.09
-7530 -36046 27.93
-7529 -36046 27.92
-7528 -36046 27.97
-7527 -36046 27.97
-7526 -36046 27.89
-7525 -36046 28.29
-7524 -36046 28.08
-7523 -36046 26.24
-7522 -36046 24.41
-7521 -36046 24.03
-7520 -36046 23.84
-7519 -36046 23.58
-7518 -36046 23.54
-7517 -36046 23.93
-7516 -36046 24.2
-7515 -36046 24.28
-7514 -36046 24.39
-7513 -36046 24.89
-7512 -36046 24.7
-7511 -36046 24.72
-7510 -36046 25.44
-7509 -36046 28.99
-7508 -36046 29.11
-7507 -36046 28.96
-7506 -36046 28.94
-7505 -36046 29.21
-7504 -36046 29.78
-7503 -36046 29.84
-7502 -36046 29.33
-7501 -36046 28.99
-7500 -36046 29.23
-7499 -36046 29.81
-7498 -36046 30.07
-7497 -36046 30.09
-7496 -36046 30.1
-7495 -36046 30.14
-7494 -36046 30.12
-7493 -36046 30.3
