-7542 -36050 23.56 1
-7541 -36050 23.57 1
-7540 -36050 23.56 1
-7539 -36050 25.17 1
-7538 -36050 27.1 1
-7537 -36050 27.64 1
-7536 -36050 27.47 1
-7535 -36050 27.27 1
-7534 -36050 27.31 1
-7533 -36050 27.66 1
-7532 -36050 27.88 1
-7531 -36050 27.93 1
-7530 -36050 27.9 1
-7529 -36050 27.93 1
-7528 -36050 27.94 1
-7527 -36050 27.94 1
-7526 -36050 27.91 1
-7525 -36050 27.93 1
-7524 -36050 28.11 1
-7523 -36050 28.36 1
-7522 -36050 27.6 1
-7521 -36050 24.61 1
-7520 -36050 24.36 1
-7519 -36050 24.28 1
-7518 -36050 23.99 1
-7517 -36050 24.24 1
-7516 -36050 24.37 1
-7515 -36050 24.34 1
-7514 -36050 24.44 1
-7513 -36050 24.47 1
-7512 -36050 24.51 1
-7511 -36050 24.9 1
-7510 -36050 26.63 1
-7509 -36050 29.01 1
-7508 -36050 28.96 1
-7507 -36050 28.92 1
-7506 -36050 28.88 1
-7505 -36050 29.03 1
-7504 -36050 29.3 1
-7503 -36050 29.38 1
-7502 -36050 29.38 1
-7501 -36050 29.21 1
-7500 -36050 28.97 1
-7499 -36050 29.34 1
-7498 -36050 30.18 1
-7497 -36050 29.14 1
-7496 -36050 27.56 1
-7495 -36050 25.9 1
-7494 -36050 23.64 1
-7493 -36050 23.09 1
-7542 -36049 23.58 1
-7541 -36049 23.68 1
-7540 -36049 24.98 1
-7539 -36049 26.94 1
-7538 -36049 27.33 1
-7537 -36049 27.57 1
-7536 -36049 27.36 1
-7535 -36049 27.26 1
-7534 -36049 27.46 1
-7533 -36049 27.77 1
-7532 -36049 27.93 1
-7531 -36049 27.94 1
-7530 -36049 27.9 1
-7529 -36049 27.88 1
-7528 -36049 27.94 1
-7527 -36049 27.97 1
-7526 -36049 27.96 1
-7525 -36049 27.96 1
-7524 -36049 28.04 1
-7523 -36049 28.32 1
-7522 -36049 27.29 1
-7521 -36049 24.5 1
-7520 -36049 24.11 1
-7519 -36049 23.93 1
-7518 -36049 24.03 1
-7517 -36049 24.04 1
-7516 -36049 23.97 1
-7515 -36049 24.04 1
-7514 -36049 24.24 1
-7513 -36049 24.21 1
-7512 -36049 23.91 1
-7511 -36049 24.38 1
-7510 -36049 26.09 1
-7509 -36049 28.57 1
-7508 -36049 28.93 1
-7507 -36049 28.89 1
-7506 -36049 28.9 1
-7505 -36049 29.2 1
-7504 -36049 29.81 1
-7503 -36049 29.92 1
-7502 -36049 29.86 1
-7501 -36049 29.56 1
-7500 -36049 29.01 1
-7499 -36049 29.3 1
-7498 -36049 30.13 1
-7497 -36049 30.3 1
-7496 -36049 30.4 1
-7495 -36049 30.03 1
-7494 -36049 26.58 1
-7493 -36049 23.34 1
-7542 -36048 23.52 1
-7541 -36048 23.59 1
-7540 -36048 23.9 1
-7539 -36048 24.6 1
-7538 -36048 27.19 1
-7537 -36048 27.57 1
-7536 -36048 27.37 1
-7535 -36048 27.34 1
-7534 -36048 27.9 1
-7533 -36048 27.94 1
-7532 -36048 28.1 1
-7531 -36048 28.13 1
-7530 -36048 27.89 1
-7529 -36048 27.91 1
-7528 -36048 27.94 1
-7527 -36048 27.94 1
-7526 -36048 27.94 1
-7525 -36048 28.1 1
-7524 -36048 28.03 1
-7523 -36048 28.07 1
-7522 -36048 27.64 1
-7521 -36048 25.53 1
-7520 -36048 24.19 1
-7519 -36048 24.04 1
-7518 -36048 24.14 1
-7517 -36048 24.12 1
-7516 -36048 24.1 1
-7515 -36048 24.44 1
-7514 -36048 23.9 1
-7513 -36048 23.94 1
-7512 -36048 23.9 1
-7511 -36048 23.79 1
-7510 -36048 25.3 1
-7509 -36048 28.74 1
-7508 -36048 29 1
-7507 -36048 28.88 1
-7506 -36048 28.9 1
-7505 -36048 29.24 1
-7504 -36048 29.78 1
-7503 -36048 29.89 1
-7502 -36048 29.6 1
-7501 -36048 29.26 1
-7500 -36048 29.17 1
-7499 -36048 29.44 1
-7498 -36048 29.98 1
-7497 -36048 30.29 1
-7496 -36048 30.14 1
-7495 -36048 29.9 1
-7494 -36048 28.66 1
-7493 -36048 27.5 1
-7542 -36047 23.48 1
-7541 -36047 23.79 1
-7540 -36047 25.39 1
-7539 -36047 27.51 1
-7538 -36047 27.58 1
-7537 -36047 27.31 1
-7536 -36047 27.01 1
-7535 -36047 27.32 1
-7534 -36047 27.92 1
-7533 -36047 27.99 1
-7532 -36047 28.04 1
-7531 -36047 28.14 1
-7530 -36047 27.94 1
-7529 -36047 27.94 1
-7528 -36047 27.96 1
-7527 -36047 27.93 1
-7526 -36047 27.93 1
-7525 -36047 28.18 1
-7524 -36047 28.06 1
-7523 -36047 27.19 1
-7522 -36047 26.01 1
-7521 -36047 24.88 1
-7520 -36047 24.14 1
-7519 -36047 23.62 1
-7518 -36047 23.91 1
-7517 -36047 24.09 1
-7516 -36047 24.38 1
-7515 -36047 24.08 1
-7514 -36047 24.04 1
-7513 -36047 24.02 1
-7512 -36047 23.94 1
-7511 -36047 23.82 1
-7510 -36047 24.86 1
-7509 -36047 27.98 1
-7508 -36047 28.93 1
-7507 -36047 28.9 1
-7506 -36047 28.93 1
-7505 -36047 29.24 1
-7504 -36047 29.82 1
-7503 -36047 29.83 1
-7502 -36047 29.31 1
-7501 -36047 28.96 1
-7500 -36047 29.17 1
-7499 -36047 29.84 1
-7498 -36047 30.13 1
-7497 -36047 30.12 1
-7496 -36047 30.04 1
-7495 -36047 30.09 1
-7494 -36047 30.04 1
-7493 -36047 30.52 1
-7542 -36046 23.44 1
-7541 -36046 23.56 1
-7540 -36046 24.89 1
-7539 -36046 26.29 1
-7538 -36046 26.46 1
-7537 -36046 25.72 1
-7536 -36046 25.91 1
-7535 -36046 27.34 1
-7534 -36046 27.9 1
-7533 -36046 28.11 1
-7532 -36046 28.14 1
-7531 -36046 28.09 1
-7530 -36046 27.93 1
-7529 -36046 27.92 1
-7528 -36046 27.97 1
-7527 -36046 27.97 1
-7526 -36046 27.89 1
-7525 -36046 28.29 1
-7524 -36046 28.08 1
-7523 -36046 26.24 1
-7522 -36046 24.41 1
-7521 -36046 24.03 1
-7520 -36046 23.84 1
-7519 -36046 23.58 1
-7518 -36046 23.54 1
-7517 -36046 23.93 1
-7516 -36046 24.2 1
-7515 -36046 24.28 1
-7514 -36046 24.39 1
-7513 -36046 24.89 1
-7512 -36046 24.7 1
-7511 -36046 24.72 1
-7510 -36046 25.44 1
-7509 -36046 28.99 1
-7508 -36046 29.11 1
-7507 -36046 28.96 1
-7506 -36046 28.94 1
-7505 -36046 29.21 1
-7504 -36046 29.78 1
-7503 -36046 29.84 1
-7502 -36046 29.33 1
-7501 -36046 28.99 1
-7500 -36046 29.23 1
-7499 -36046 29.81 1
-7498 -36046 30.07 1
-7497 -36046 30.09 1
-7496 -36046 30.1 1
-7495 -36046 30.14 1
-7494 -36046 30.12 1
-7493 -36046 30.3 1
