-7542.00  -36050.00    23.56
-7541.00  -36050.00    23.57
-7540.00  -36050.00    23.56
-7539.00  -36050.00    25.17
-7538.00  -36050.00    27.10
-7537.00  -36050.00    27.64
-7536.00  -36050.00    27.47
-7535.00  -36050.00    27.27
-7534.00  -36050.00    27.31
-7533.00  -36050.00    27.66
-7532.00  -36050.00    27.88
-7531.00  -36050.00    27.93
-7530.00  -36050.00    27.90
-7529.00  -36050.00    27.93
-7528.00  -36050.00    27.94
-7527.00  -36050.00    27.94
-7526.00  -36050.00    27.91
-7525.00  -36050.00    27.93
-7524.00  -36050.00    28.11
-7523.00  -36050.00    28.36
-7522.00  -36050.00    27.60
-7521.00  -36050.00    24.61
-7520.00  -36050.00    24.36
-7519.00  -36050.00    24.28
-7518.00  -36050.00    23.99
-7517.00  -36050.00    24.24
-7516.00  -36050.00    24.37
-7515.00  -36050.00    24.34
-7514.00  -36050.00    24.44
-7513.00  -36050.00    24.47
-7512.00  -36050.00    24.51
-7511.00  -36050.00    24.90
-7510.00  -36050.00    26.63
-7509.00  -36050.00    29.01
-7508.00  -36050.00    28.96
-7507.00  -36050.00    28.92
-7506.00  -36050.00    28.88
-7505.00  -36050.00    29.03
-7504.00  -36050.00    29.30
-7503.00  -36050.00    29.38
-7502.00  -36050.00    29.38
-7501.00  -36050.00    29.21
-7500.00  -36050.00    28.97
-7499.00  -36050.00    29.34
-7498.00  -36050.00    30.18
-7497.00  -36050.00    29.14
-7496.00  -36050.00    27.56
-7495.00  -36050.00    25.90
-7494.00  -36050.00    23.64
-7493.00  -36050.00    23.09
-7542.00  -36049.00    23.58
-7541.00  -36049.00    23.68
-7540.00  -36049.00    24.98
-7539.00  -36049.00    26.94
-7538.00  -36049.00    27.33
-7537.00  -36049.00    27.57
-7536.00  -36049.00    27.36
-7535.00  -36049.00    27.26
-7534.00  -36049.00    27.46
-7533.00  -36049.00    27.77
-7532.00  -36049.00    27.93
-7531.00  -36049.00    27.94
-7530.00  -36049.00    27.90
-7529.00  -36049.00    27.88
-7528.00  -36049.00    27.94
-7527.00  -36049.00    27.97
-7526.00  -36049.00    27.96
-7525.00  -36049.00    27.96
-7524.00  -36049.00    28.04
-7523.00  -36049.00    28.32
-7522.00  -36049.00    27.29
-7521.00  -36049.00    24.50
-7520.00  -36049.00    24.11
-7519.00  -36049.00    23.93
-7518.00  -36049.00    24.03
-7517.00  -36049.00    24.04
-7516.00  -36049.00    23.97
-7515.00  -36049.00    24.04
-7514.00  -36049.00    24.24
-7513.00  -36049.00    24.21
-7512.00  -36049.00    23.91
-7511.00  -36049.00    24.38
-7510.00  -36049.00    26.09
-7509.00  -36049.00    28.57
-7508.00  -36049.00    28.93
-7507.00  -36049.00    28.89
-7506.00  -36049.00    28.90
-7505.00  -36049.00    29.20
-7504.00  -36049.00    29.81
-7503.00  -36049.00    29.92
-7502.00  -36049.00    29.86
-7501.00  -36049.00    29.56
-7500.00  -36049.00    29.01
-7499.00  -36049.00    29.30
-7498.00  -36049.00    30.13
-7497.00  -36049.00    30.30
-7496.00  -36049.00    30.40
-7495.00  -36049.00    30.03
-7494.00  -36049.00    26.58
-7493.00  -36049.00    23.34
-7542.00  -36048.00    23.52
-7541.00  -36048.00    23.59
-7540.00  -36048.00    23.90
-7539.00  -36048.00    24.60
-7538.00  -36048.00    27.19
-7537.00  -36048.00    27.57
-7536.00  -36048.00    27.37
-7535.00  -36048.00    27.34
-7534.00  -36048.00    27.90
-7533.00  -36048.00    27.94
-7532.00  -36048.00    28.10
-7531.00  -36048.00    28.13
-7530.00  -36048.00    27.89
-7529.00  -36048.00    27.91
-7528.00  -36048.00    27.94
-7527.00  -36048.00    27.94
-7526.00  -36048.00    27.94
-7525.00  -36048.00    28.10
-7524.00  -36048.00    28.03
-7523.00  -36048.00    28.07
-7522.00  -36048.00    27.64
-7521.00  -36048.00    25.53
-7520.00  -36048.00    24.19
-7519.00  -36048.00    24.04
-7518.00  -36048.00    24.14
-7517.00  -36048.00    24.12
-7516.00  -36048.00    24.10
-7515.00  -36048.00    24.44
-7514.00  -36048.00    23.90
-7513.00  -36048.00    23.94
-7512.00  -36048.00    23.90
-7511.00  -36048.00    23.79
-7510.00  -36048.00    25.30
-7509.00  -36048.00    28.74
-7508.00  -36048.00    29.00
-7507.00  -36048.00    28.88
-7506.00  -36048.00    28.90
-7505.00  -36048.00    29.24
-7504.00  -36048.00    29.78
-7503.00  -36048.00    29.89
-7502.00  -36048.00    29.60
-7501.00  -36048.00    29.26
-7500.00  -36048.00    29.17
-7499.00  -36048.00    29.44
-7498.00  -36048.00    29.98
-7497.00  -36048.00    30.29
-7496.00  -36048.00    30.14
-7495.00  -36048.00    29.90
-7494.00  -36048.00    28.66
-7493.00  -36048.00    27.50
-7542.00  -36047.00    23.48
-7541.00  -36047.00    23.79
-7540.00  -36047.00    25.39
-7539.00  -36047.00    27.51
-7538.00  -36047.00    27.58
-7537.00  -36047.00    27.31
-7536.00  -36047.00    27.01
-7535.00  -36047.00    27.32
-7534.00  -36047.00    27.92
-7533.00  -36047.00    27.99
-7532.00  -36047.00    28.04
-7531.00  -36047.00    28.14
-7530.00  -36047.00    27.94
-7529.00  -36047.00    27.94
-7528.00  -36047.00    27.96
-7527.00  -36047.00    27.93
-7526.00  -36047.00    27.93
-7525.00  -36047.00    28.18
-7524.00  -36047.00    28.06
-7523.00  -36047.00    27.19
-7522.00  -36047.00    26.01
-7521.00  -36047.00    24.88
-7520.00  -36047.00    24.14
-7519.00  -36047.00    23.62
-7518.00  -36047.00    23.91
-7517.00  -36047.00    24.09
-7516.00  -36047.00    24.38
-7515.00  -36047.00    24.08
-7514.00  -36047.00    24.04
-7513.00  -36047.00    24.02
-7512.00  -36047.00    23.94
-7511.00  -36047.00    23.82
-7510.00  -36047.00    24.86
-7509.00  -36047.00    27.98
-7508.00  -36047.00    28.93
-7507.00  -36047.00    28.90
-7506.00  -36047.00    28.93
-7505.00  -36047.00    29.24
-7504.00  -36047.00    29.82
-7503.00  -36047.00    29.83
-7502.00  -36047.00    29.31
-7501.00  -36047.00    28.96
-7500.00  -36047.00    29.17
-7499.00  -36047.00    29.84
-7498.00  -36047.00    30.13
-7497.00  -36047.00    30.12
-7496.00  -36047.00    30.04
-7495.00  -36047.00    30.09
-7494.00  -36047.00    30.04
-7493.00  -36047.00    30.52
-7542.00  -36046.00    23.44
-7541.00  -36046.00    23.56
-7540.00  -36046.00    24.89
-7539.00  -36046.00    26.29
-7538.00  -36046.00    26.46
-7537.00  -36046.00    25.72
-7536.00  -36046.00    25.91
-7535.00  -36046.00    27.34
-7534.00  -36046.00    27.90
-7533.00  -36046.00    28.11
-7532.00  -36046.00    28.14
-7531.00  -36046.00    28.09
-7530.00  -36046.00    27.93
-7529.00  -36046.00    27.92
-7528.00  -36046.00    27.97
-7527.00  -36046.00    27.97
-7526.00  -36046.00    27.89
-7525.00  -36046.00    28.29
-7524.00  -36046.00    28.08
-7523.00  -36046.00    26.24
-7522.00  -36046.00    24.41
-7521.00  -36046.00    24.03
-7520.00  -36046.00    23.84
-7519.00  -36046.00    23.58
-7518.00  -36046.00    23.54
-7517.00  -36046.00    23.93
-7516.00  -36046.00    24.20
-7515.00  -36046.00    24.28
-7514.00  -36046.00    24.39
-7513.00  -36046.00    24.89
-7512.00  -36046.00    24.70
-7511.00  -36046.00    24.72
-7510.00  -36046.00    25.44
-7509.00  -36046.00    28.99
-7508.00  -36046.00    29.11
-7507.00  -36046.00    28.96
-7506.00  -36046.00    28.94
-7505.00  -36046.00    29.21
-7504.00  -36046.00    29.78
-7503.00  -36046.00    29.84
-7502.00  -36046.00    29.33
-7501.00  -36046.00    28.99
-7500.00  -36046.00    29.23
-7499.00  -36046.00    29.81
-7498.00  -36046.00    30.07
-7497.00  -36046.00    30.09
-7496.00  -36046.00    30.10
-7495.00  -36046.00    30.14
-7494.00  -36046.00    30.12
-7493.00  -36046.00    30.30