8.58428 5.76297 8.02862 1
9.58359 4.6421 6.11765 1
6.44006 5.67451 2.59064 0
6.06329 6.32832 3.5988 1
8.35091 6.4228 3.03061 1
0.745857 9.61761 6.86682 1
7.26504 9.18867 7.10544 1
1.5724 6.0737 1.99049 0
8.72893 5.79036 7.37622 1
3.34604 0.201377 6.49104 1
1.14737 4.15348 0.98373 0
1.28877 8.33789 7.00125 1
6.55924 5.45839 3.91765 1
7.44832 8.10469 5.88844 1
2.57207 2.22282 5.15436 1
5.0455 7.08961 3.65865 1
7.1131 2.75862 1.29657 0
2.02302 2.01375 1.0043 0
7.14529 5.28188 9.65353 1
8.87161 3.21678 2.56979 0
5.64544 2.14305 5.98966 1
7.2725 0.529559 0.89122 0
8.66245 4.51108 0.0820958 0
6.73887 4.1856 7.1039 1
2.08326 6.42963 5.42445 1
7.04853 3.22879 1.75347 0
9.21851 8.81489 6.89031 1
3.76149 4.32111 9.68167 1
4.46753 8.71365 6.47641 1
2.54094 8.29594 5.02483 1
4.98898 1.95106 1.20415 0
0.315754 5.99169 3.3764 1
9.21347 2.43757 1.89049 0
9.75516 4.39347 8.92943 1
5.42497 1.92864 4.33072 1
0.38502 1.75005 3.62107 1
7.79658 0.702235 7.58339 1
8.52086 3.80172 1.44986 0
7.09998 0.202477 7.1396 1
5.73689 0.421118 3.56542 1
7.22504 3.7147 9.21432 1
8.10257 6.13329 8.30345 1
5.53085 7.4098 5.36649 1
9.91048 0.341388 0.85221 0
3.14635 4.44732 8.83138 1
5.58559 1.16531 9.59617 1
7.08297 5.99654 1.11376 0
7.01974 0.653591 1.90343 0
0.88793 4.73967 4.45247 1
7.84349 9.57753 9.30965 1
0.273522 6.75248 2.32442 0
0.422348 3.87889 3.54712 1
8.46365 4.27358 4.71956 1
9.98854 1.94268 2.91666 0
1.18818 6.06187 0.159285 0
6.85068 5.07867 7.58018 1
2.22791 5.17724 9.27316 1
5.84174 7.5221 1.31719 0
1.70872 9.8621 3.1352 1
4.80617 2.70511 7.47977 1
2.88979 7.91867 7.54693 1
6.9535 9.12099 3.185 1
0.0269821 4.9461 6.06869 1
7.31585 1.44472 8.14536 1
9.61336 2.57077 1.80889 0
0.67619 5.69395 3.10666 1
9.13592 4.08586 4.0109 1
9.08127 7.44848 1.50516 0
3.75487 6.58416 5.64265 1
7.77637 5.55763 9.43973 1
7.35038 7.80039 0.617214 0
0.702931 1.5383 1.14774 0
4.90144 0.170381 2.58502 0
4.42622 3.06965 7.47576 1
5.10549 8.35383 3.25337 1
0.0713877 2.21446 6.58893 1
3.29829 0.759428 5.5704 1
5.86189 2.51634 2.99133 0
9.15525 7.22589 5.61747 1
1.19589 1.12462 2.78514 0
9.63971 4.10741 2.558 0
5.94178 0.919906 6.41563 1
1.04502 6.43249 4.21072 1
2.72312 4.50724 7.51696 1
2.12603 4.11782 8.23624 1
0.837135 4.64992 4.01787 1
5.53453 4.59187 5.5974 1
2.64665 4.44622 8.67342 1
2.7894 0.356042 3.82134 1
2.92208 0.883069 6.32392 1
7.1886 0.37317 2.52313 0
9.67511 7.05224 0.477472 0
8.28122 3.15328 7.23209 1
2.07823 8.44904 6.67192 1
0.4184 3.03953 7.96309 1
8.73241 5.39115 0.346889 0
3.72628 7.1136 3.51225 1
9.06321 2.04795 4.48287 1
6.67857 1.96128 0.492259 0
3.20605 0.630869 5.92055 1
0.992466 3.35634 9.39049 1
4.26058 1.46068 0.285997 0
5.42005 4.69388 8.70045 1
1.41208 4.97859 4.93017 1
3.74366 5.19347 9.00744 1
3.82198 0.904535 0.515308 0
3.08917 6.92954 9.23775 1
9.6386 3.4814 2.8787 0
3.07009 2.73607 8.67461 1
0.0359821 9.81029 9.4019 1
2.88534 0.0409209 5.34052 1
2.64997 2.47765 1.72849 0
3.58988 2.18615 4.44068 1
9.6053 3.58101 3.44444 1
1.3755 3.64544 7.17138 1
2.93474 8.8626 8.84067 1
6.31929 4.84287 3.73145 1
4.5755 2.86809 3.69258 1
7.34625 2.20294 0.238073 0
5.38306 7.94627 0.678773 0
1.52738 2.85023 0.201865 0
8.89501 5.59794 0.196078 0
1.78387 5.87381 7.96216 1
8.74539 0.551969 6.17212 1
6.09594 9.7581 6.45595 1
6.37884 4.96924 8.50755 1
7.26123 7.1392 0.0122582 0
0.951972 0.20966 6.59499 1
5.24351 5.00105 4.51619 1
4.25891 1.27563 5.76805 1
6.79622 8.70936 0.650882 0
2.09997 9.45914 9.26043 1
9.41189 5.47174 4.94785 1
5.25877 3.3374 2.21342 0
0.451755 7.46653 5.92207 1
3.60431 8.48986 9.42555 1
9.87077 3.03394 1.83106 0
9.64845 3.12972 3.63688 1
2.61433 8.50182 9.97943 1
5.43423 8.80446 1.3076 0
1.45085 8.366 6.90968 1
0.90124 2.28823 5.06798 1
3.61767 7.64328 2.32031 0
1.01237 3.18184 7.42485 1
9.30684 2.39791 3.10269 1
2.73195 5.35469 1.45197 0
1.50665 6.43202 9.90868 1
1.98412 2.89744 7.94584 1
6.5599 6.68718 7.81535 1
6.30668 5.51887 9.83749 1
5.28669 8.97067 8.85652 1
6.14247 7.0587 3.52909 1
5.25268 2.78541 8.94909 1
8.52376 1.90073 6.51127 1
1.44091 7.66746 3.79971 1
1.69094 1.05034 0.740275 0
2.27587 6.8799 9.60032 1
9.12695 8.79622 3.69315 1
4.39213 8.73304 6.96335 1
0.156866 0.277614 6.92302 1
3.181 7.62933 7.6541 1
9.30512 2.09556 7.89173 1
6.66821 5.21343 0.1634 0
2.74278 6.28693 6.3451 1
4.30209 4.77538 5.97468 1
4.85651 4.7137 1.70173 0
1.65293 0.80071 8.56978 1
4.56617 8.06436 2.3097 0
3.83184 2.8971 8.23557 1
8.13542 2.20472 3.54145 1
0.547898 5.06928 8.15014 1
6.598 4.52464 2.85134 0
3.12948 7.7813 1.50681 0
1.01456 0.921445 3.52079 1
5.91181 8.73801 8.24382 1
7.54482 7.69036 1.8869 0
3.67074 3.82377 3.67606 1
2.68295 4.17187 1.13111 0
7.34599 5.6847 2.76736 0
7.32373 9.97888 8.3292 1
4.57128 9.03966 4.54613 1
7.31475 7.42602 5.53924 1
3.9656 2.35611 3.34266 1
6.32305 4.01316 9.96346 1
2.45075 0.657208 6.04641 1
5.21609 3.69706 0.523136 0
9.161 2.20546 2.77276 0
6.28837 9.00474 9.47927 1
5.40585 1.14787 7.26471 1
6.10167 4.68416 4.78142 1
4.91939 1.48296 4.1188 1
2.72124 0.0852408 4.36731 1
6.28369 4.57399 0.247019 0
3.98858 7.25248 3.27389 1
5.80325 5.53668 7.3011 1
5.37473 9.85002 8.98089 1
0.521036 1.22935 7.76081 1
0.333965 5.21736 2.68227 0
7.53294 9.6508 2.70263 0
5.05179 2.28484 4.98753 1
4.99613 0.134686 0.38241 0
1.96226 7.3263 7.29032 1
9.63786 3.74524 5.76118 1
6.13183 5.28014 8.59564 1
3.88598 5.37367 8.985 1
6.78822 5.31907 8.06769 1
5.19016 2.56339 8.16772 1
3.74896 1.81378 3.59058 1
6.17486 6.80855 6.25587 1
8.78924 5.38668 0.13472 0
9.51906 0.844672 2.91137 0
2.71332 6.88581 6.04858 1
6.68256 1.31268 6.37333 1
6.38884 4.29203 8.40645 1
3.85763 0.508386 9.79175 1
4.51754 9.17401 7.74594 1
4.03812 1.41554 7.2424 1
4.63604 9.40498 7.00428 1
2.88799 0.140008 6.23932 1
0.818263 9.89796 1.54313 0
7.37324 0.850906 6.43118 1
5.15713 0.748082 8.57014 1
2.23691 7.89783 0.545403 0
4.99393 4.65277 0.238314 0
0.700321 3.01838 4.18729 1
2.14559 7.14025 2.00851 0
2.58972 3.58348 8.18308 1
6.34741 9.79433 6.15273 1
9.33166 1.0521 9.26874 1
7.95397 8.62847 7.70123 1
4.85384 5.35629 8.13566 1
2.80002 2.215 1.04802 0
4.05264 9.37684 3.70091 1
4.39569 9.65072 3.12475 1
3.10272 1.32659 9.91816 1
0.550603 0.293613 0.854265 0
6.57561 6.18963 5.86449 1
2.22534 4.36595 5.64937 1
4.54602 7.55025 7.86719 1
7.98415 5.08036 0.51185 0
4.699 0.872573 8.62402 1
1.87538 0.194935 3.30216 1
4.11468 0.915029 8.912 1
3.07777 5.11569 7.16286 1
1.04164 7.97112 8.08923 1
9.77289 6.27103 0.845022 0
4.51321 9.16249 8.79757 1
6.20211 1.75546 5.15292 1
5.17989 7.35723 9.99801 1
2.48543 3.85684 8.79264 1
